                   feature  importance_mean  importance_std     val_imp_0  \
41           avg_room_area      8751.159903     6620.389840   3670.090641
46                district      5885.742165     6510.424411  15948.804822
10                 heating      2099.979263     3030.582761   4176.798358
5               scene_city      1779.118877      679.450957   2766.789230
43              bath_count      1510.906676     3446.599961  -3429.258070
0             building_age      1183.658802     3623.114538  -1110.877410
45  earthquake_regulations      1112.101688      635.976670    700.194343
39              room_count      1069.393810      978.542796    477.911068
42              playground       972.357377     1023.564251   -165.311163
6                 elevator       598.941568      885.912436    772.425393
13             parent_bath       485.367779      940.322455   -797.014831
9                  carpark       421.482213      923.965967  -1173.050858
16                  county       404.326074     1138.102190    198.016600
1                     city       391.624414      623.567015      0.000000
31           building_type       381.162424     1680.399342  -2463.903769
14                  is_top       356.372502     1739.282366    860.949896
23              scene_Doğa       350.855773     1505.922013    138.024288
18             scene_Yeşil       318.571427      650.955987   1058.231401
33          is_summerplace       294.954772      510.876651      0.000000
11        number_of_floors       290.261779     1286.622448     80.307025
29            floor_number       264.777546     1619.964166  -2213.581862
2              scene_Havuz       176.934773      212.937728    186.319184
48             scene_Cadde       143.441764      675.191582   -657.346069
37             lroom_count        84.601019     1091.886679    252.783336
15              scene_Vadi        66.113336       89.307161      0.000000
35               scene_Dağ        12.736381       22.060059      0.000000
47             nroom_count         3.537224     2082.189669  -3004.337137
44              is_heating         0.000000        0.000000      0.000000
12              gross_area         0.000000        0.000000      0.000000
26   gross_area / net_area         0.000000        0.000000      0.000000
28                is_teras         0.000000        0.000000      0.000000
20         carpark_Ücretli         0.000000        0.000000      0.000000
19                net_area         0.000000        0.000000      0.000000
32   gross_area - net_area         0.000000        0.000000      0.000000
17          is_underground         0.000000        0.000000      0.000000
4               scene_Park        -0.601711      533.325488    709.126170
34             is_mustakil        -2.251738     1881.981629   1284.691746
38       is_whole_building        -3.353639      793.650866      0.000000
40                  is_new       -18.803606       32.568800      0.000000
36               scene_Göl       -49.849650      884.214728   -934.276960
25           changing_room       -81.492453      748.323296    420.913643
3              scene_Deniz       -84.219769     1304.965975   1339.355576
21             scene_Nehir      -139.421163      267.731372      0.000000
7              scene_Boğaz      -139.967713      472.370864      0.000000
8             carpark_acik      -200.532197      934.868042   -579.643042
22             credit_rate      -306.133308     1036.114614  -1482.449602
24             days_passed      -451.271086     2210.215011  -3415.615405
30                intercom      -537.278977     1916.431325  -1348.103351
27          carpark_kapali     -1247.840641     1637.470722    501.728688

       val_imp_1    val_imp_2     val_imp_3
41  12992.500128  1072.893702  17269.155144
46  -1647.109877  2579.505892   6661.767823
10   -565.332728 -1151.722679   5940.174100
5    1123.744582  2052.513725   1173.427970
43   4462.508201  4997.359434     13.017138
0    3734.841667 -3455.843507   5566.514459
45   1357.290220   366.551377   2024.370811
39   2097.430669  1930.047392   -227.813887
42   2408.464689  1451.432641    194.843340
6    -379.202346  1957.504402     45.038824
13   1770.049664   136.432340    832.003942
9    1014.945450   824.426935   1019.607326
16   -556.701268  2317.210719   -341.221754
1    1468.443882   111.024094    -12.970320
31    925.455024  1890.389126   1172.709315
14   2562.296762   286.871028  -2284.627678
23   2189.733287 -1932.273334   1007.938851
18   -674.127799   189.736666    700.445439
33      0.000000     0.000000   1179.819087
11   -762.815813  2449.997592   -606.441686
29    -71.823091  1298.379094   2046.136043
2     521.419910     0.000000      0.000000
48   1213.851320     0.000000     17.261807
37  -1343.748641  -261.631646   1691.001026
15     47.317359   217.135986      0.000000
35      0.000000    50.945524      0.000000
47    273.181663  2868.160029   -122.855659
44      0.000000     0.000000      0.000000
12      0.000000     0.000000      0.000000
26      0.000000     0.000000      0.000000
28      0.000000     0.000000      0.000000
20      0.000000     0.000000      0.000000
19      0.000000     0.000000      0.000000
32      0.000000     0.000000      0.000000
17      0.000000     0.000000      0.000000
4    -792.656775    81.123760      0.000000
34    846.636047  1110.394229  -3250.728974
38  -1101.146391   -54.242824   1141.974658
40      0.000000   -75.214423      0.000000
36   -874.568591  1124.394630    485.052318
25    415.072196   207.054980  -1369.010632
3   -1893.917237  -738.397738    956.080323
21   -602.081638    44.396988      0.000000
7       0.000000   358.097917   -917.968767
8   -1203.085434  1324.738931   -344.139243
22    558.439292   877.925318  -1178.448240
24   -554.785097  -654.620225   2819.936384
30  -3301.612920  1272.428046   1228.172316
27  -3011.331948   268.134948  -2749.894253
